1234567890123456789012345678901234567890123456789000000000000000000000000000001912345678901234567890
000000020XXXXXXXXXX000000002101234567890123456789012345678901234567890123456789012345678901234567890
0000000220123456789000000002301234567890123456789012345678901234567890123456789012345678901234567890
0000000240123456789000000002501234567890123456789012345678901234567890123456789012345678901234567890
0000000260000000003000000002701234567890123456789012345678901234567890123456789012345678901234567890
0000000280123456789000000002901234567890123456789012345678901234567890123456789012345678901234567890
0000000300000000004000000003101234567890123456789012345678901234567890123456789012345678901234567890
0000000320123456789000000003301234567890123456789012345678901234567890123456789012345678901234567890
0000000340123456789000000003501234567890123456789012345678901234567890123456789012345678901234567890
0000000000000000000000000000000000000000000000003612345678901234567890123456789012345678901234567890
