1234567890123456789012345678901234567890123456789000000000000000000000000000028112345678901234567890
000000282XXXXXXXXXX000000028301234567890123456789012345678901234567890123456789012345678901234567890
0000002840123456789000000028501234567890123456789012345678901234567890123456789012345678901234567890
0000002860123456789000000028701234567890123456789012345678901234567890123456789012345678901234567890
0000002880000000048000000028901234567890123456789012345678901234567890123456789012345678901234567890
0000002900123456789000000029101234567890123456789012345678901234567890123456789012345678901234567890
0000002920000000049000000029301234567890123456789012345678901234567890123456789012345678901234567890
0000002940123456789000000029501234567890123456789012345678901234567890123456789012345678901234567890
0000002960123456789000000029701234567890123456789012345678901234567890123456789012345678901234567890
0000000000000000000000000000000000000000000000029812345678901234567890123456789012345678901234567890
